[gd_scene format=3 uid="uid://np02yhw2hh21"]

[ext_resource type="Script" uid="uid://thhm5whoy2gr" path="res://scripts/main_camera.gd" id="1_0wfyh"]
[ext_resource type="PackedScene" uid="uid://cdptnkmj1256p" path="res://scenes/ui/pause_menu.tscn" id="1_jyhfs"]
[ext_resource type="Script" uid="uid://bevavgob5p1ah" path="res://scripts/main.gd" id="1_tbgi4"]
[ext_resource type="PackedScene" uid="uid://b2f3frvqldyhg" path="res://models/map/room.glb" id="2_sugp2"]
[ext_resource type="PackedScene" path="res://scenes/ui/tutorial_menu.tscn" id="2_tbgi4"]
[ext_resource type="PackedScene" uid="uid://dccm5wkm0nlvl" path="res://scenes/ui/TimerCountdown.tscn" id="2_tipki"]
[ext_resource type="PackedScene" uid="uid://c4c1o7hc6u6l" path="res://sprites/clock.glb" id="6_tefeu"]
[ext_resource type="PackedScene" uid="uid://d0frkjyyypykh" path="res://scenes/IncomingFolder.tscn" id="8_85g3d"]
[ext_resource type="PackedScene" uid="uid://cjuct5j48uqah" path="res://scenes/ui/AllFieldsDocObj.tscn" id="8_tipki"]
[ext_resource type="PackedScene" uid="uid://4tc3bju77eu6" path="res://scenes/ui/HelpbookObj.tscn" id="9_85g3d"]
[ext_resource type="PackedScene" uid="uid://cdrkieb7mimdx" path="res://scenes/SubmissionFolder.tscn" id="10_choun"]
[ext_resource type="PackedScene" uid="uid://bxtxqfthsaj13" path="res://scenes/ui/submit_gui.tscn" id="11_ya4ey"]
[ext_resource type="PackedScene" uid="uid://cwtuh1abisqt3" path="res://scenes/ui/payment_buttons_gui.tscn" id="12_eb6dy"]
[ext_resource type="PackedScene" uid="uid://bw12ikpch1k0q" path="res://scenes/ui/stamp_buttons_gui_red.tscn" id="14_a8y0u"]
[ext_resource type="PackedScene" uid="uid://byquhyes7qrl2" path="res://scenes/ui/stamp_buttons_gui_green.tscn" id="15_jkv2x"]
[ext_resource type="PackedScene" uid="uid://bf1qrj151504f" path="res://scenes/ui/stamp_buttons_gui_blue.tscn" id="16_jbj1t"]
[ext_resource type="AudioStream" uid="uid://cxwa43i8c3c6o" path="res://sounds/alien_background.wav" id="17_muem4"]

[sub_resource type="Environment" id="Environment_0wfyh"]

[sub_resource type="Compositor" id="Compositor_sugp2"]

[sub_resource type="ViewportTexture" id="ViewportTexture_dp3eg"]
viewport_path = NodePath("SubViewport")

[sub_resource type="StandardMaterial3D" id="StandardMaterial3D_0ld40"]
resource_local_to_scene = true
albedo_texture = SubResource("ViewportTexture_dp3eg")

[node name="Main" type="Node3D" unique_id=31963921 node_paths=PackedStringArray("submission_folder", "incoming_folder")]
script = ExtResource("1_tbgi4")
submission_folder = NodePath("TableObject/SubmissionFolder")
incoming_folder = NodePath("TableObject/TestFolder")
testing_folders = true

[node name="TimerCountdown" parent="." unique_id=1144034343 instance=ExtResource("2_tipki")]

[node name="Label3D" parent="TimerCountdown" index="0" unique_id=473602639]
transform = Transform3D(0.7774097, 0, 0.6289947, 0, 1, 0, -0.6289947, 0, 0.7774097, -0.7999948, 0.43576896, -0.32709554)
text = "09:00"
font_size = 16
outline_size = 1

[node name="Timer" type="Timer" parent="." unique_id=141712067]

[node name="PauseMenu" parent="." unique_id=2111182383 instance=ExtResource("1_jyhfs")]

[node name="TutorialMenu" parent="." unique_id=2146562982 instance=ExtResource("2_tbgi4")]

[node name="room" parent="." unique_id=50673408 instance=ExtResource("2_sugp2")]

[node name="SpotLight3D4" type="SpotLight3D" parent="room" unique_id=36142895]
transform = Transform3D(0.9999395, 0.010538173, -0.0031705708, 0.0022672773, 0.08464875, 0.9964083, 0.010768707, -0.9963552, 0.08461973, -0.6381782, 0.7702954, -0.78548396)
light_color = Color(0.96484846, 0.45167434, 0.5343838, 1)
light_energy = 1.475
light_indirect_energy = 1.237
light_volumetric_fog_energy = 0.0
light_size = 0.218
light_specular = 0.0
spot_range = 1.246269
spot_angle = 63.091328

[node name="SpotLight3D3" type="SpotLight3D" parent="room" unique_id=1516042121]
transform = Transform3D(0.9999793, 0.00020624972, -0.006429485, 0.0064244783, 0.018778944, 0.999803, 0.00032694804, -0.99982363, 0.01877723, 0.67765546, 0.8837642, -0.69797826)
light_color = Color(0.4845028, 0.80286694, 0.9436612, 1)
light_energy = 3.0
light_indirect_energy = 1.237
light_volumetric_fog_energy = 0.0
light_size = 0.218
light_specular = 0.0
spot_range = 1.1925673
spot_angle = 40.263565

[node name="SpotLight3D2" type="SpotLight3D" parent="room" unique_id=935959651]
transform = Transform3D(0.9999685, 0.003620868, -0.0070635225, 0.0071989493, -0.038863588, 0.99921864, 0.003343525, -0.99923795, -0.038888436, 0.038609296, 0.8542873, -0.78480834)
light_color = Color(0.71288544, 0.85406876, 0.69150716, 1)
light_energy = 2.98
light_indirect_energy = 1.237
light_volumetric_fog_energy = 0.0
light_size = 0.218
light_specular = 0.0
spot_range = 1.228565
spot_angle = 36.115063

[node name="SpotLight3D" type="SpotLight3D" parent="room" unique_id=1356872489]
transform = Transform3D(0.9999793, -0.003166159, -0.0055996687, 0.0056567998, 0.01833299, 0.999816, -0.0030629174, -0.99982697, 0.018350521, 0.00046539307, 0.7237135, 0)
light_energy = 0.842
light_specular = 0.025
shadow_enabled = true
shadow_normal_bias = 10.0
shadow_opacity = 0.88
shadow_blur = 3.777
spot_range = 1.6452461
spot_angle = 78.79052

[node name="SpotLight3D" type="SpotLight3D" parent="room/SpotLight3D" unique_id=2046691624]
transform = Transform3D(0.9999819, 0.005181332, -0.0030797308, -0.004976762, 0.99799585, 0.06308246, 0.0034004091, -0.063065976, 0.9980035, -0.00533621, -0.57436657, -0.3020813)
light_energy = 0.842
light_specular = 0.025
shadow_enabled = true
shadow_normal_bias = 10.0
shadow_opacity = 0.88
shadow_blur = 3.777
spot_range = 0.85327566
spot_angle = 47.044445

[node name="SpotLight3D5" type="SpotLight3D" parent="room" unique_id=92988532]
transform = Transform3D(0.99995786, 0.0023745582, -0.008867884, 0.008816713, 0.020756861, 0.99974567, 0.0025580237, -0.9997817, 0.020735051, -0.9318229, 0.8400954, 0.11541788)
light_energy = 2.505
spot_range = 1.6239573
spot_angle = 23.002476

[node name="WorldEnvironment" type="WorldEnvironment" parent="." unique_id=583504047]
environment = SubResource("Environment_0wfyh")
compositor = SubResource("Compositor_sugp2")

[node name="MainCamera" type="Camera3D" parent="." unique_id=184220275]
transform = Transform3D(1, 0, 0, 0, 1, 0, 0, 0, 1, -0.00036376715, 0.19898345, 1)
fov = 35.0
script = ExtResource("1_0wfyh")

[node name="PlayerFace" type="Node3D" parent="MainCamera" unique_id=177487933]
transform = Transform3D(1, 0, 0, 0, 1, 0, 0, 0, 1, 0, 0, -0.19021136)

[node name="clock2" parent="." unique_id=1875545924 instance=ExtResource("6_tefeu")]
transform = Transform3D(0.7671922, -0.003428014, 0.64140815, 0.0032231687, 0.9999937, 0.0014892351, -0.6414092, 0.0009248547, 0.76719844, -0.6621188, 0.051334888, -0.45982236)

[node name="TableObject" type="Node3D" parent="." unique_id=722712540]
transform = Transform3D(1, 0, 0, 0, 1, 0, 0, 0, 1, 0, -0.12755403, 0.55396736)

[node name="TestFolder" parent="TableObject" unique_id=1106081498 instance=ExtResource("8_85g3d")]
transform = Transform3D(1, 0, 0, 0, 1, 0, 0, 0, 1, -0.28472355, 0.00067687035, -0.031061232)

[node name="Document1" parent="TableObject" unique_id=1503292003 instance=ExtResource("8_tipki")]
transform = Transform3D(0.001, 0, 0, 0, 0.001, 0, 0, 0, 0.001, -0.2882089, 0.034704953, -0.004375696)

[node name="Document2" parent="TableObject" unique_id=109233284 instance=ExtResource("8_tipki")]
transform = Transform3D(0.01, 0, 0, 0, 0.01, 0, 0, 0, 0.01, -0.004524976, 0.2842134, 0.15153551)

[node name="Quad" parent="TableObject/HelpbookObj" index="1" unique_id=1341834876]
surface_material_override/0 = SubResource("StandardMaterial3D_0ld40")
>>>>>>> main

[node name="SubmissionFolder" parent="TableObject" unique_id=1151233729 instance=ExtResource("10_choun")]
transform = Transform3D(1, 0, 0, 0, 1, 0, 0, 0, 1, 0.19524977, -0.01045239, -0.019834101)

[node name="PaymentButtonsGUI" parent="TableObject" unique_id=1391087144 instance=ExtResource("11_ya4ey")]
transform = Transform3D(1.9604162, 0, 2.5225315, 0, 3.194745, 0, -2.5225315, 0, 1.9604162, -0.7220303, 0.16315308, -0.25705954)

[node name="PaymentButtonsGUI2" parent="TableObject" unique_id=612734104 instance=ExtResource("12_eb6dy")]
transform = Transform3D(0.5992611, 0, -1.1452582, 0, 1.2925673, 0, 1.1452582, 0, 0.5992611, 0.71437466, 0.2375531, -0.42608202)

[node name="HelpbookObj" parent="TableObject" unique_id=1668765249 instance=ExtResource("9_85g3d")]
transform = Transform3D(1, 0, 0, 0, -4.3711385e-08, 0.99999994, 0, -0.99999994, -4.3711385e-08, -0.029850438, 0.0006658286, 0.21719158)

[node name="Label3D" type="Label3D" parent="." unique_id=1255954377]
transform = Transform3D(0.001571035, 0, 0.99999887, 0, 1, 0, -0.99999887, 0, 0.001571035, -0.98750967, 0.06762849, 0.12241647)
text = "09:00 - 12:00"
font_size = 14
outline_size = 4

[node name="StampButtonsGUI" parent="." unique_id=1825527057 instance=ExtResource("14_a8y0u")]
transform = Transform3D(1.6484566, 0, 0.7882875, 0, 1.8272401, 0, -0.7882875, 0, 1.6484566, -0.5006839, 0.29448894, -0.5905257)

[node name="StampButtonsGUI2" parent="." unique_id=1477930166 instance=ExtResource("15_jkv2x")]
transform = Transform3D(1.79724, 0, 0, 0, 1.79724, 0, 0, 0, 1.79724, 0.04323028, 0.30880535, -0.54737616)

[node name="StampButtonsGUI3" parent="." unique_id=1608181359 instance=ExtResource("16_jbj1t")]
transform = Transform3D(1.4108834, 0, -0.69543403, 0, 1.5729655, 0, 0.69543403, 0, 1.4108834, 0.45139056, 0.32027367, -0.34043682)

[node name="AudioStreamPlayer2D" type="AudioStreamPlayer2D" parent="." unique_id=1565050669]
stream = ExtResource("17_muem4")
autoplay = true

[connection signal="pressed" from="PauseMenu/MarginContainer/VBoxContainer/ButtonsVBox/ResumeButton" to="." method="_on_resume_button_pressed"]
[connection signal="pressed" from="PauseMenu/MarginContainer/VBoxContainer/ButtonsVBox/ExitButton" to="." method="_on_exit_button_pressed"]
[connection signal="pressed" from="TutorialMenu/MarginContainer/VBoxContainer/ButtonsHBox/ContinueButton" to="." method="_on_continue_button_pressed"]

[editable path="TimerCountdown"]
[editable path="PauseMenu"]
[editable path="TutorialMenu"]
